generation,num_people,num_immigrants,num_children
0,3,2,8
1,13,4,9
2,26,5,25
3,56,13,45
4,114,24,93
5,231,49,179
6,459,95,390
7,944,207,864
8,2015,458,1742
